Login 

req:
ef df 67 67 27 00 00 00 00 00 00 00 00 00 00 00 01 00 01 00 02 00 03 00 70 73 77 05 00 61 64 6d 69 6e 04 00 75 73 65 72 05 00 61 64 6d 69 6e 

rsp:
ef df 67 67 1c 00 00 00 00 00 00 00 00 00 00 00 01 00 02 00 01 00 06 00 72 65 73 75 6c 74 04 00 74 72 75 65 

Ping

req:
ef df 67 67 1c 00 00 00 00 00 00 00 00 00 00 00 01 00 03 00 01 00 04 00 70 69 6e 67 06 00 48 45 4c 4c 4f 21

rsp:
ef df 67 67 1c 00 00 00 00 00 00 00 00 00 00 00 01 00 02 00 01 00 06 00 72 65 73 75 6c 74 04 00 74 72 75 65 